0000 40
0001 1f
0002 00
0003 00
0004 92
0005 9c
0006 43
0007 7f
0008 c2
0009 01
000a c3
000b 05
000c 9a
000d 82
000e 9a
000f 82
0010 42
0011 56
0012 46
0013 de
0014 9e
0015 62
0016 9e
0017 64
0018 9e
0019 a4
001a 88
001b 22
001c 88
001d e4
001e df
001f 3c
0020 88
0021 a8
0022 df
0023 3c
0024 86
0025 32
0026 00
0027 00
0028 00
0029 00
002a 00
002b 00
002c 00
002d 00
002e 00
002f 00
0030 00
0031 00
0032 00
0033 00
0034 00
0035 00
0036 00
0037 00
0038 00
0039 00
003a 00
003b 00
003c 00
003d 00
003e 00
003f 00
0040 00
0041 00
0042 00
0043 00
0044 00
0045 00
0046 00
0047 00
0048 00
0049 00
004a 00
004b 00
004c 00
004d 00
004e 00
004f 00
0050 00
0051 00
0052 00
0053 00
0054 00
0055 00
0056 00
0057 00
0058 00
0059 00
005a 00
005b 00
005c 00
005d 00
005e 00
005f 00
0060 00
0061 00
0062 00
0063 00
0064 00
0065 00
0066 00
0067 00
0068 00
0069 00
006a 00
006b 00
006c 00
006d 00
006e 00
006f 00
0070 00
0071 00
0072 00
0073 00
0074 00
0075 00
0076 00
0077 00
0078 00
0079 00
007a 00
007b 00
007c 00
007d 00
007e 00
007f 00
0080 00
0081 00
0082 00
0083 00
0084 00
0085 00
0086 00
0087 00
0088 00
0089 00
008a 00
008b 00
008c 00
008d 00
008e 00
008f 00
0090 00
0091 00
0092 00
0093 00
0094 00
0095 00
0096 00
0097 00
0098 00
0099 00
009a 00
009b 00
009c 00
009d 00
009e 00
009f 00
00a0 00
00a1 00
00a2 00
00a3 00
00a4 c3
00a5 aa
00a6 25
00a7 64
00a8 00
00a9 00
00aa 00
00ab 00
00ac 00
00ad 00
00ae 00
00af 00
00b0 00
00b1 00
00b2 00
00b3 00
00b4 00
00b5 00
00b6 00
00b7 00
00b8 00
00b9 00
00ba 00
00bb 00
00bc 00
00bd 00
00be 00
00bf 00
00c0 00
00c1 00
00c2 00
00c3 00
00c4 00
00c5 00
00c6 00
00c7 00
00c8 00
00c9 00
00ca 00
00cb 00
00cc 00
00cd 00
00ce 00
00cf 00
00d0 00
00d1 00
00d2 00
00d3 00
00d4 00
00d5 00
00d6 00
00d7 00
00d8 00
00d9 00
00da 00
00db 00
00dc 00
00dd 00
00de 00
00df 00
00e0 00
00e1 00
00e2 00
00e3 00
00e4 00
00e5 00
00e6 c3
00e7 55
00e8 00
00e9 00
00ea 00
00eb 00
00ec 00
00ed 00
00ee 00
00ef 00
00f0 00
00f1 00
00f2 00
00f3 00
00f4 00
00f5 00
00f6 00
00f7 00
00f8 00
00f9 00
00fa 00
00fb 00
00fc 00
00fd 00
00fe 00
00ff 00
0100 00
0101 00
0102 00
0103 00
0104 00
0105 00
0106 00
0107 00
0108 00
0109 00
010a 00
010b 00
010c 00
010d 00
010e 00
010f 00
0110 00
0111 00
0112 00
0113 00
0114 00
0115 00
0116 00
0117 00
0118 00
0119 00
011a 00
011b 00
011c 00
011d 00
011e 00
011f 00
0120 00
0121 00
0122 00
0123 00
0124 00
0125 00
0126 00
0127 00
0128 00
0129 00
012a 00
012b 00
012c 00
012d 00
012e 00
012f 00
0130 00
0131 00
0132 00
0133 00
0134 00
0135 00
0136 00
0137 00
0138 00
0139 00
013a 00
013b 00
013c 00
013d 00
013e 00
013f 00
0140 00
0141 00
0142 00
0143 00
0144 00
0145 00
0146 00
0147 00
0148 00
0149 00
014a 00
014b 00
014c 00
014d 00
014e 00
014f 00
0150 00
0151 00
0152 00
0153 00
0154 00
0155 00
0156 00
0157 00
0158 00
0159 00
015a 00
015b 00
015c 00
015d 00
015e 00
015f 00
0160 00
0161 00
0162 00
0163 00
